8899452706, [600, 301, 132, 57, 23, 10, 4, 1]
8917880205, [601, 301, 132, 57, 23, 10, 4, 1]
9274129846, [602, 301, 132, 57, 23, 10, 4, 1]
8929394859, [603, 301, 132, 57, 23, 10, 4, 1]
8914789424, [604, 301, 132, 57, 23, 10, 4, 1]
8850607759, [605, 301, 132, 57, 23, 10, 4, 1]
8845867365, [606, 301, 132, 57, 23, 10, 4, 1]
8832278727, [607, 301, 132, 57, 23, 10, 4, 1]
8841023282, [608, 301, 132, 57, 23, 10, 4, 1]
8836693663, [609, 301, 132, 57, 23, 10, 4, 1]
8837524877, [610, 301, 132, 57, 23, 10, 4, 1]
8867596343, [611, 301, 132, 57, 23, 10, 4, 1]
8854368029, [612, 301, 132, 57, 23, 10, 4, 1]
8846119364, [613, 301, 132, 57, 23, 10, 4, 1]
8831873652, [614, 301, 132, 57, 23, 10, 4, 1]
8832753664, [615, 301, 132, 57, 23, 10, 4, 1]
8834138699, [616, 301, 132, 57, 23, 10, 4, 1]
8834775153, [617, 301, 132, 57, 23, 10, 4, 1]
8860301343, [618, 301, 132, 57, 23, 10, 4, 1]
8876229652, [619, 301, 132, 57, 23, 10, 4, 1]
8952971167, [620, 301, 132, 57, 23, 10, 4, 1]
8939758810, [621, 301, 132, 57, 23, 10, 4, 1]
8948220791, [622, 301, 132, 57, 23, 10, 4, 1]
8869834010, [623, 301, 132, 57, 23, 10, 4, 1]
8850170817, [624, 301, 132, 57, 23, 10, 4, 1]
8837308273, [625, 301, 132, 57, 23, 10, 4, 1]
8821468730, [626, 301, 132, 57, 23, 10, 4, 1]
8832298730, [627, 301, 132, 57, 23, 10, 4, 1]
8825318210, [628, 301, 132, 57, 23, 10, 4, 1]
8828946714, [629, 301, 132, 57, 23, 10, 4, 1]
8839963402, [630, 301, 132, 57, 23, 10, 4, 1]
8860850819, [631, 301, 132, 57, 23, 10, 4, 1]
8817046925, [632, 301, 132, 57, 23, 10, 4, 1]
8819786817, [633, 301, 132, 57, 23, 10, 4, 1]
8821121284, [634, 301, 132, 57, 23, 10, 4, 1]
8813069987, [635, 301, 132, 57, 23, 10, 4, 1]
8829901403, [636, 301, 132, 57, 23, 10, 4, 1]
8836983178, [637, 301, 132, 57, 23, 10, 4, 1]
8870511471, [638, 301, 132, 57, 23, 10, 4, 1]
9040475005, [639, 301, 132, 57, 23, 10, 4, 1]
8938701290, [640, 301, 132, 57, 23, 10, 4, 1]
8882330133, [641, 301, 132, 57, 23, 10, 4, 1]
8846529085, [642, 301, 132, 57, 23, 10, 4, 1]
8822138924, [643, 301, 132, 57, 23, 10, 4, 1]
8797746260, [644, 301, 132, 57, 23, 10, 4, 1]
8808560567, [645, 301, 132, 57, 23, 10, 4, 1]
8809992283, [646, 301, 132, 57, 23, 10, 4, 1]
8799347652, [647, 301, 132, 57, 23, 10, 4, 1]
8813297812, [648, 301, 132, 57, 23, 10, 4, 1]
8818221067, [649, 301, 132, 57, 23, 10, 4, 1]
8812578398, [650, 301, 132, 57, 23, 10, 4, 1]
8798933932, [651, 301, 132, 57, 23, 10, 4, 1]
8799371568, [652, 301, 132, 57, 23, 10, 4, 1]
8793520549, [653, 301, 132, 57, 23, 10, 4, 1]
8801563063, [654, 301, 132, 57, 23, 10, 4, 1]
8802890571, [655, 301, 132, 57, 23, 10, 4, 1]
8821192179, [656, 301, 132, 57, 23, 10, 4, 1]
8877310632, [657, 301, 132, 57, 23, 10, 4, 1]
8891320794, [658, 301, 132, 57, 23, 10, 4, 1]
8932296302, [659, 301, 132, 57, 23, 10, 4, 1]
8885389703, [660, 301, 132, 57, 23, 10, 4, 1]
8836808573, [661, 301, 132, 57, 23, 10, 4, 1]
8794827052, [662, 301, 132, 57, 23, 10, 4, 1]
8792204085, [663, 301, 132, 57, 23, 10, 4, 1]
8782429038, [664, 301, 132, 57, 23, 10, 4, 1]
8792631690, [665, 301, 132, 57, 23, 10, 4, 1]
8786764759, [666, 301, 132, 57, 23, 10, 4, 1]
8797063291, [667, 301, 132, 57, 23, 10, 4, 1]
8861706442, [668, 301, 132, 57, 23, 10, 4, 1]
8794045657, [669, 301, 132, 57, 23, 10, 4, 1]
8787559136, [670, 301, 132, 57, 23, 10, 4, 1]
8789064654, [671, 301, 132, 57, 23, 10, 4, 1]
8781424148, [672, 301, 132, 57, 23, 10, 4, 1]
8785545570, [673, 301, 132, 57, 23, 10, 4, 1]
8794545715, [674, 301, 132, 57, 23, 10, 4, 1]
8825540650, [675, 301, 132, 57, 23, 10, 4, 1]
8896861255, [676, 301, 132, 57, 23, 10, 4, 1]
8932183425, [677, 301, 132, 57, 23, 10, 4, 1]
8867418948, [678, 301, 132, 57, 23, 10, 4, 1]
8863010707, [679, 301, 132, 57, 23, 10, 4, 1]
8795238640, [680, 301, 132, 57, 23, 10, 4, 1]
8786105784, [681, 301, 132, 57, 23, 10, 4, 1]
8780169604, [682, 301, 132, 57, 23, 10, 4, 1]
8774783112, [683, 301, 132, 57, 23, 10, 4, 1]
8777683739, [684, 301, 132, 57, 23, 10, 4, 1]
8776579567, [685, 301, 132, 57, 23, 10, 4, 1]
8789149851, [686, 301, 132, 57, 23, 10, 4, 1]
8793584629, [687, 301, 132, 57, 23, 10, 4, 1]
8787135496, [688, 301, 132, 57, 23, 10, 4, 1]
8770175811, [689, 301, 132, 57, 23, 10, 4, 1]
8782152158, [690, 301, 132, 57, 23, 10, 4, 1]
8777977641, [691, 301, 132, 57, 23, 10, 4, 1]
8772070351, [692, 301, 132, 57, 23, 10, 4, 1]
8793386233, [693, 301, 132, 57, 23, 10, 4, 1]
8815327166, [694, 301, 132, 57, 23, 10, 4, 1]
8856272722, [695, 301, 132, 57, 23, 10, 4, 1]
8880538070, [696, 301, 132, 57, 23, 10, 4, 1]
8957828423, [697, 301, 132, 57, 23, 10, 4, 1]
8821400341, [698, 301, 132, 57, 23, 10, 4, 1]
8795169572, [699, 301, 132, 57, 23, 10, 4, 1]
8781505560, [700, 301, 132, 57, 23, 10, 4, 1]
8765291403, [701, 301, 132, 57, 23, 10, 4, 1]
8773467351, [702, 301, 132, 57, 23, 10, 4, 1]
8766807678, [703, 301, 132, 57, 23, 10, 4, 1]
8769606537, [704, 301, 132, 57, 23, 10, 4, 1]
8813469235, [705, 301, 132, 57, 23, 10, 4, 1]
8784462278, [706, 301, 132, 57, 23, 10, 4, 1]
8771156891, [707, 301, 132, 57, 23, 10, 4, 1]
8768642523, [708, 301, 132, 57, 23, 10, 4, 1]
8770715758, [709, 301, 132, 57, 23, 10, 4, 1]
8762773400, [710, 301, 132, 57, 23, 10, 4, 1]
8779647458, [711, 301, 132, 57, 23, 10, 4, 1]
8789556300, [712, 301, 132, 57, 23, 10, 4, 1]
8829825007, [713, 301, 132, 57, 23, 10, 4, 1]
8881971062, [714, 301, 132, 57, 23, 10, 4, 1]
8874207530, [715, 301, 132, 57, 23, 10, 4, 1]
8870057183, [716, 301, 132, 57, 23, 10, 4, 1]
8805478895, [717, 301, 132, 57, 23, 10, 4, 1]
8791355770, [718, 301, 132, 57, 23, 10, 4, 1]
8762907877, [719, 301, 132, 57, 23, 10, 4, 1]
8764544384, [720, 301, 132, 57, 23, 10, 4, 1]
8757703959, [721, 301, 132, 57, 23, 10, 4, 1]
8761392479, [722, 301, 132, 57, 23, 10, 4, 1]
8768301819, [723, 301, 132, 57, 23, 10, 4, 1]
8779966028, [724, 301, 132, 57, 23, 10, 4, 1]
8785125776, [725, 301, 132, 57, 23, 10, 4, 1]
8760206741, [726, 301, 132, 57, 23, 10, 4, 1]
8762734036, [727, 301, 132, 57, 23, 10, 4, 1]
8760383264, [728, 301, 132, 57, 23, 10, 4, 1]
8756904689, [729, 301, 132, 57, 23, 10, 4, 1]
8765764089, [730, 301, 132, 57, 23, 10, 4, 1]
8779940332, [731, 301, 132, 57, 23, 10, 4, 1]
8824358565, [732, 301, 132, 57, 23, 10, 4, 1]
8838819476, [733, 301, 132, 57, 23, 10, 4, 1]
9027659405, [734, 301, 132, 57, 23, 10, 4, 1]
8822200067, [735, 301, 132, 57, 23, 10, 4, 1]
8809893778, [736, 301, 132, 57, 23, 10, 4, 1]
8763702021, [737, 301, 132, 57, 23, 10, 4, 1]
8755298174, [738, 301, 132, 57, 23, 10, 4, 1]
8750366566, [739, 301, 132, 57, 23, 10, 4, 1]
8750287097, [740, 301, 132, 57, 23, 10, 4, 1]
8749326406, [741, 301, 132, 57, 23, 10, 4, 1]
8757539167, [742, 301, 132, 57, 23, 10, 4, 1]
8771752188, [743, 301, 132, 57, 23, 10, 4, 1]
8756850712, [744, 301, 132, 57, 23, 10, 4, 1]
8752213711, [745, 301, 132, 57, 23, 10, 4, 1]
8745496808, [746, 301, 132, 57, 23, 10, 4, 1]
8743411375, [747, 301, 132, 57, 23, 10, 4, 1]
8752297046, [748, 301, 132, 57, 23, 10, 4, 1]
8753262360, [749, 301, 132, 57, 23, 10, 4, 1]
8783484711, [750, 301, 132, 57, 23, 10, 4, 1]
8806356881, [751, 301, 132, 57, 23, 10, 4, 1]
8854716336, [752, 301, 132, 57, 23, 10, 4, 1]
8842069128, [753, 301, 132, 57, 23, 10, 4, 1]
8826198742, [754, 301, 132, 57, 23, 10, 4, 1]
8779999836, [755, 301, 132, 57, 23, 10, 4, 1]
8755729789, [756, 301, 132, 57, 23, 10, 4, 1]
8750459147, [757, 301, 132, 57, 23, 10, 4, 1]
8736577818, [758, 301, 132, 57, 23, 10, 4, 1]
8744274044, [759, 301, 132, 57, 23, 10, 4, 1]
8740855519, [760, 301, 132, 57, 23, 10, 4, 1]
8747183419, [761, 301, 132, 57, 23, 10, 4, 1]
8756930315, [762, 301, 132, 57, 23, 10, 4, 1]
8755750494, [763, 301, 132, 57, 23, 10, 4, 1]
8736771609, [764, 301, 132, 57, 23, 10, 4, 1]
8738022920, [765, 301, 132, 57, 23, 10, 4, 1]
8740181413, [766, 301, 132, 57, 23, 10, 4, 1]
8737158960, [767, 301, 132, 57, 23, 10, 4, 1]
8753587119, [768, 301, 132, 57, 23, 10, 4, 1]
8774290096, [769, 301, 132, 57, 23, 10, 4, 1]
8798279265, [770, 301, 132, 57, 23, 10, 4, 1]
9014736066, [771, 301, 132, 57, 23, 10, 4, 1]
8835910235, [772, 301, 132, 57, 23, 10, 4, 1]
8806690707, [773, 301, 132, 57, 23, 10, 4, 1]
8762013353, [774, 301, 132, 57, 23, 10, 4, 1]
8749150809, [775, 301, 132, 57, 23, 10, 4, 1]
8729531692, [776, 301, 132, 57, 23, 10, 4, 1]
8736385281, [777, 301, 132, 57, 23, 10, 4, 1]
8734688467, [778, 301, 132, 57, 23, 10, 4, 1]
8732228201, [779, 301, 132, 57, 23, 10, 4, 1]
8751036969, [780, 301, 132, 57, 23, 10, 4, 1]
8749935257, [781, 301, 132, 57, 23, 10, 4, 1]
8744769541, [782, 301, 132, 57, 23, 10, 4, 1]
8732469589, [783, 301, 132, 57, 23, 10, 4, 1]
8732356764, [784, 301, 132, 57, 23, 10, 4, 1]
8730804736, [785, 301, 132, 57, 23, 10, 4, 1]
8735998010, [786, 301, 132, 57, 23, 10, 4, 1]
8749991167, [787, 301, 132, 57, 23, 10, 4, 1]
8765128926, [788, 301, 132, 57, 23, 10, 4, 1]
8825927695, [789, 301, 132, 57, 23, 10, 4, 1]
8824672782, [790, 301, 132, 57, 23, 10, 4, 1]
8848801625, [791, 301, 132, 57, 23, 10, 4, 1]
8798475316, [792, 301, 132, 57, 23, 10, 4, 1]
8764577613, [793, 301, 132, 57, 23, 10, 4, 1]
8734851399, [794, 301, 132, 57, 23, 10, 4, 1]
8728147910, [795, 301, 132, 57, 23, 10, 4, 1]
8726777858, [796, 301, 132, 57, 23, 10, 4, 1]
8729272410, [797, 301, 132, 57, 23, 10, 4, 1]
8730589046, [798, 301, 132, 57, 23, 10, 4, 1]
8740413485, [799, 301, 132, 57, 23, 10, 4, 1]
8778699934, [800, 301, 132, 57, 23, 10, 4, 1]
8730537585, [801, 301, 132, 57, 23, 10, 4, 1]
8728984756, [802, 301, 132, 57, 23, 10, 4, 1]
8729592904, [803, 301, 132, 57, 23, 10, 4, 1]
8725628576, [804, 301, 132, 57, 23, 10, 4, 1]
8736978486, [805, 301, 132, 57, 23, 10, 4, 1]
8745914980, [806, 301, 132, 57, 23, 10, 4, 1]
8778277630, [807, 301, 132, 57, 23, 10, 4, 1]
8885452089, [808, 301, 132, 57, 23, 10, 4, 1]
8853278983, [809, 301, 132, 57, 23, 10, 4, 1]
8802085684, [810, 301, 132, 57, 23, 10, 4, 1]
8787833991, [811, 301, 132, 57, 23, 10, 4, 1]
8745396261, [812, 301, 132, 57, 23, 10, 4, 1]
8731519573, [813, 301, 132, 57, 23, 10, 4, 1]
8730575474, [814, 301, 132, 57, 23, 10, 4, 1]
8728065642, [815, 301, 132, 57, 23, 10, 4, 1]
8725808514, [816, 301, 132, 57, 23, 10, 4, 1]
8730480906, [817, 301, 132, 57, 23, 10, 4, 1]
8739358132, [818, 301, 132, 57, 23, 10, 4, 1]
8739416926, [819, 301, 132, 57, 23, 10, 4, 1]
8732010247, [820, 301, 132, 57, 23, 10, 4, 1]
8725730258, [821, 301, 132, 57, 23, 10, 4, 1]
8727992505, [822, 301, 132, 57, 23, 10, 4, 1]
8732563619, [823, 301, 132, 57, 23, 10, 4, 1]
8732563987, [824, 301, 132, 57, 23, 10, 4, 1]
8752084326, [825, 301, 132, 57, 23, 10, 4, 1]
8786623640, [826, 301, 132, 57, 23, 10, 4, 1]
8810602471, [827, 301, 132, 57, 23, 10, 4, 1]
8838071728, [828, 301, 132, 57, 23, 10, 4, 1]
8864055275, [829, 301, 132, 57, 23, 10, 4, 1]
8776221847, [830, 301, 132, 57, 23, 10, 4, 1]
8745185183, [831, 301, 132, 57, 23, 10, 4, 1]
8737008630, [832, 301, 132, 57, 23, 10, 4, 1]
8723791477, [833, 301, 132, 57, 23, 10, 4, 1]
8731430244, [834, 301, 132, 57, 23, 10, 4, 1]
8726064201, [835, 301, 132, 57, 23, 10, 4, 1]
8730989838, [836, 301, 132, 57, 23, 10, 4, 1]
8784213136, [837, 301, 132, 57, 23, 10, 4, 1]
8736939383, [838, 301, 132, 57, 23, 10, 4, 1]
8728467186, [839, 301, 132, 57, 23, 10, 4, 1]
8726452556, [840, 301, 132, 57, 23, 10, 4, 1]
8724799543, [841, 301, 132, 57, 23, 10, 4, 1]
8724762857, [842, 301, 132, 57, 23, 10, 4, 1]
8735834483, [843, 301, 132, 57, 23, 10, 4, 1]
8756361971, [844, 301, 132, 57, 23, 10, 4, 1]
8808072044, [845, 301, 132, 57, 23, 10, 4, 1]
8843698109, [846, 301, 132, 57, 23, 10, 4, 1]
8812343081, [847, 301, 132, 57, 23, 10, 4, 1]
8810694813, [848, 301, 132, 57, 23, 10, 4, 1]
8750642726, [849, 301, 132, 57, 23, 10, 4, 1]
8740056824, [850, 301, 132, 57, 23, 10, 4, 1]
8721104123, [851, 301, 132, 57, 23, 10, 4, 1]
8718886845, [852, 301, 132, 57, 23, 10, 4, 1]
8716909946, [853, 301, 132, 57, 23, 10, 4, 1]
8718957752, [854, 301, 132, 57, 23, 10, 4, 1]
8728152251, [855, 301, 132, 57, 23, 10, 4, 1]
8734360088, [856, 301, 132, 57, 23, 10, 4, 1]
8734582006, [857, 301, 132, 57, 23, 10, 4, 1]
8716383135, [858, 301, 132, 57, 23, 10, 4, 1]
8723256347, [859, 301, 132, 57, 23, 10, 4, 1]
8719342314, [860, 301, 132, 57, 23, 10, 4, 1]
8717969474, [861, 301, 132, 57, 23, 10, 4, 1]
8733462271, [862, 301, 132, 57, 23, 10, 4, 1]
8749057107, [863, 301, 132, 57, 23, 10, 4, 1]
8789335617, [864, 301, 132, 57, 23, 10, 4, 1]
8803870654, [865, 301, 132, 57, 23, 10, 4, 1]
8931037452, [866, 301, 132, 57, 23, 10, 4, 1]
8773299568, [867, 301, 132, 57, 23, 10, 4, 1]
8757903117, [868, 301, 132, 57, 23, 10, 4, 1]
8728229151, [869, 301, 132, 57, 23, 10, 4, 1]
8717024610, [870, 301, 132, 57, 23, 10, 4, 1]
8718027106, [871, 301, 132, 57, 23, 10, 4, 1]
8714465393, [872, 301, 132, 57, 23, 10, 4, 1]
8716049087, [873, 301, 132, 57, 23, 10, 4, 1]
8735168742, [874, 301, 132, 57, 23, 10, 4, 1]
8732246039, [875, 301, 132, 57, 23, 10, 4, 1]
8720976568, [876, 301, 132, 57, 23, 10, 4, 1]
8718246396, [877, 301, 132, 57, 23, 10, 4, 1]
8717295516, [878, 301, 132, 57, 23, 10, 4, 1]
8714387515, [879, 301, 132, 57, 23, 10, 4, 1]
8726684929, [880, 301, 132, 57, 23, 10, 4, 1]
8732707867, [881, 301, 132, 57, 23, 10, 4, 1]
8767158705, [882, 301, 132, 57, 23, 10, 4, 1]
8795400051, [883, 301, 132, 57, 23, 10, 4, 1]
8814844114, [884, 301, 132, 57, 23, 10, 4, 1]
8807449163, [885, 301, 132, 57, 23, 10, 4, 1]
8774231142, [886, 301, 132, 57, 23, 10, 4, 1]
8747974689, [887, 301, 132, 57, 23, 10, 4, 1]
8722335895, [888, 301, 132, 57, 23, 10, 4, 1]
8718809198, [889, 301, 132, 57, 23, 10, 4, 1]
8708888679, [890, 301, 132, 57, 23, 10, 4, 1]
8713284842, [891, 301, 132, 57, 23, 10, 4, 1]
8714228129, [892, 301, 132, 57, 23, 10, 4, 1]
8721677735, [893, 301, 132, 57, 23, 10, 4, 1]
8728673545, [894, 301, 132, 57, 23, 10, 4, 1]
8718076200, [895, 301, 132, 57, 23, 10, 4, 1]
8711109469, [896, 301, 132, 57, 23, 10, 4, 1]
8711194646, [897, 301, 132, 57, 23, 10, 4, 1]
8711884176, [898, 301, 132, 57, 23, 10, 4, 1]
8715669683, [899, 301, 132, 57, 23, 10, 4, 1]
8730028512, [900, 301, 132, 57, 23, 10, 4, 1]
8761462651, [901, 301, 132, 57, 23, 10, 4, 1]
8777365111, [902, 301, 132, 57, 23, 10, 4, 1]
9070591238, [903, 301, 132, 57, 23, 10, 4, 1]
8789240641, [904, 301, 132, 57, 23, 10, 4, 1]
8771913722, [905, 301, 132, 57, 23, 10, 4, 1]
8729455043, [906, 301, 132, 57, 23, 10, 4, 1]
8718993334, [907, 301, 132, 57, 23, 10, 4, 1]
8705477950, [908, 301, 132, 57, 23, 10, 4, 1]
8708086756, [909, 301, 132, 57, 23, 10, 4, 1]
8705691827, [910, 301, 132, 57, 23, 10, 4, 1]
8708683753, [911, 301, 132, 57, 23, 10, 4, 1]
8723962733, [912, 301, 132, 57, 23, 10, 4, 1]
8717554599, [913, 301, 132, 57, 23, 10, 4, 1]
8713287633, [914, 301, 132, 57, 23, 10, 4, 1]
8704601992, [915, 301, 132, 57, 23, 10, 4, 1]
8704254039, [916, 301, 132, 57, 23, 10, 4, 1]
8708303536, [917, 301, 132, 57, 23, 10, 4, 1]
8712203706, [918, 301, 132, 57, 23, 10, 4, 1]
8734157162, [919, 301, 132, 57, 23, 10, 4, 1]
8750535576, [920, 301, 132, 57, 23, 10, 4, 1]
8800271555, [921, 301, 132, 57, 23, 10, 4, 1]
8793506870, [922, 301, 132, 57, 23, 10, 4, 1]
8798067378, [923, 301, 132, 57, 23, 10, 4, 1]
8758108276, [924, 301, 132, 57, 23, 10, 4, 1]
8731019548, [925, 301, 132, 57, 23, 10, 4, 1]
8712626417, [926, 301, 132, 57, 23, 10, 4, 1]
8703458874, [927, 301, 132, 57, 23, 10, 4, 1]
8706075736, [928, 301, 132, 57, 23, 10, 4, 1]
8705104460, [929, 301, 132, 57, 23, 10, 4, 1]
8708944149, [930, 301, 132, 57, 23, 10, 4, 1]
8716673881, [931, 301, 132, 57, 23, 10, 4, 1]
8733462866, [932, 301, 132, 57, 23, 10, 4, 1]
8706201983, [933, 301, 132, 57, 23, 10, 4, 1]
8706256828, [934, 301, 132, 57, 23, 10, 4, 1]
8707911068, [935, 301, 132, 57, 23, 10, 4, 1]
8706110302, [936, 301, 132, 57, 23, 10, 4, 1]
8719961816, [937, 301, 132, 57, 23, 10, 4, 1]
8734397406, [938, 301, 132, 57, 23, 10, 4, 1]
8760674990, [939, 301, 132, 57, 23, 10, 4, 1]
8904091248, [940, 301, 132, 57, 23, 10, 4, 1]
8808909484, [941, 301, 132, 57, 23, 10, 4, 1]
8773891034, [942, 301, 132, 57, 23, 10, 4, 1]
8748414380, [943, 301, 132, 57, 23, 10, 4, 1]
8722793951, [944, 301, 132, 57, 23, 10, 4, 1]
8705741115, [945, 301, 132, 57, 23, 10, 4, 1]
8706738007, [946, 301, 132, 57, 23, 10, 4, 1]
8704177088, [947, 301, 132, 57, 23, 10, 4, 1]
8702317666, [948, 301, 132, 57, 23, 10, 4, 1]
8711311202, [949, 301, 132, 57, 23, 10, 4, 1]
8713992806, [950, 301, 132, 57, 23, 10, 4, 1]
8712076866, [951, 301, 132, 57, 23, 10, 4, 1]
8703538088, [952, 301, 132, 57, 23, 10, 4, 1]
8701516715, [953, 301, 132, 57, 23, 10, 4, 1]
8701252127, [954, 301, 132, 57, 23, 10, 4, 1]
8707383376, [955, 301, 132, 57, 23, 10, 4, 1]
8714951792, [956, 301, 132, 57, 23, 10, 4, 1]
8730562599, [957, 301, 132, 57, 23, 10, 4, 1]
8772935593, [958, 301, 132, 57, 23, 10, 4, 1]
8782958997, [959, 301, 132, 57, 23, 10, 4, 1]
8807242349, [960, 301, 132, 57, 23, 10, 4, 1]
8802080276, [961, 301, 132, 57, 23, 10, 4, 1]
8743934984, [962, 301, 132, 57, 23, 10, 4, 1]
8714094687, [963, 301, 132, 57, 23, 10, 4, 1]
8706736360, [964, 301, 132, 57, 23, 10, 4, 1]
8698114671, [965, 301, 132, 57, 23, 10, 4, 1]
8702708761, [966, 301, 132, 57, 23, 10, 4, 1]
8701385490, [967, 301, 132, 57, 23, 10, 4, 1]
8708079469, [968, 301, 132, 57, 23, 10, 4, 1]
8746011742, [969, 301, 132, 57, 23, 10, 4, 1]
8708180926, [970, 301, 132, 57, 23, 10, 4, 1]
8703787447, [971, 301, 132, 57, 23, 10, 4, 1]
8703572255, [972, 301, 132, 57, 23, 10, 4, 1]
8701783513, [973, 301, 132, 57, 23, 10, 4, 1]
8708299962, [974, 301, 132, 57, 23, 10, 4, 1]
8718538657, [975, 301, 132, 57, 23, 10, 4, 1]
8744713530, [976, 301, 132, 57, 23, 10, 4, 1]
8817415291, [977, 301, 132, 57, 23, 10, 4, 1]
8816747438, [978, 301, 132, 57, 23, 10, 4, 1]
8781084279, [979, 301, 132, 57, 23, 10, 4, 1]
8775120998, [980, 301, 132, 57, 23, 10, 4, 1]
8728890816, [981, 301, 132, 57, 23, 10, 4, 1]
8718577174, [982, 301, 132, 57, 23, 10, 4, 1]
8707702121, [983, 301, 132, 57, 23, 10, 4, 1]
8704679276, [984, 301, 132, 57, 23, 10, 4, 1]
8704076554, [985, 301, 132, 57, 23, 10, 4, 1]
8706205642, [986, 301, 132, 57, 23, 10, 4, 1]
8714199714, [987, 301, 132, 57, 23, 10, 4, 1]
8717135905, [988, 301, 132, 57, 23, 10, 4, 1]
8714387542, [989, 301, 132, 57, 23, 10, 4, 1]
8704394159, [990, 301, 132, 57, 23, 10, 4, 1]
8708231577, [991, 301, 132, 57, 23, 10, 4, 1]
8710293675, [992, 301, 132, 57, 23, 10, 4, 1]
8711342044, [993, 301, 132, 57, 23, 10, 4, 1]
8728383938, [994, 301, 132, 57, 23, 10, 4, 1]
8750725020, [995, 301, 132, 57, 23, 10, 4, 1]
8780078278, [996, 301, 132, 57, 23, 10, 4, 1]
8797243089, [997, 301, 132, 57, 23, 10, 4, 1]
8873843894, [998, 301, 132, 57, 23, 10, 4, 1]
8759672194, [999, 301, 132, 57, 23, 10, 4, 1]
8739427011, [1000, 301, 132, 57, 23, 10, 4, 1]
8720430100, [1001, 301, 132, 57, 23, 10, 4, 1]
8707410288, [1002, 301, 132, 57, 23, 10, 4, 1]
8708807136, [1003, 301, 132, 57, 23, 10, 4, 1]
8705292612, [1004, 301, 132, 57, 23, 10, 4, 1]
8707706158, [1005, 301, 132, 57, 23, 10, 4, 1]
8735149941, [1006, 301, 132, 57, 23, 10, 4, 1]
8717015149, [1007, 301, 132, 57, 23, 10, 4, 1]
8708758172, [1008, 301, 132, 57, 23, 10, 4, 1]
8705835814, [1009, 301, 132, 57, 23, 10, 4, 1]
8705714333, [1010, 301, 132, 57, 23, 10, 4, 1]
8704432016, [1011, 301, 132, 57, 23, 10, 4, 1]
8715904404, [1012, 301, 132, 57, 23, 10, 4, 1]
8728748428, [1013, 301, 132, 57, 23, 10, 4, 1]
8769268327, [1014, 301, 132, 57, 23, 10, 4, 1]
8794663576, [1015, 301, 132, 57, 23, 10, 4, 1]
8790546448, [1016, 301, 132, 57, 23, 10, 4, 1]
8787776331, [1017, 301, 132, 57, 23, 10, 4, 1]
8746930799, [1018, 301, 132, 57, 23, 10, 4, 1]
8730445557, [1019, 301, 132, 57, 23, 10, 4, 1]
8708960476, [1020, 301, 132, 57, 23, 10, 4, 1]
8705680971, [1021, 301, 132, 57, 23, 10, 4, 1]
8698967829, [1022, 301, 132, 57, 23, 10, 4, 1]
8702484449, [1023, 301, 132, 57, 23, 10, 4, 1]
8707296647, [1024, 301, 132, 57, 23, 10, 4, 1]
8712770806, [1025, 301, 132, 57, 23, 10, 4, 1]
8716323509, [1026, 301, 132, 57, 23, 10, 4, 1]
8703401340, [1027, 301, 132, 57, 23, 10, 4, 1]
8702297091, [1028, 301, 132, 57, 23, 10, 4, 1]
8702233751, [1029, 301, 132, 57, 23, 10, 4, 1]
8702383748, [1030, 301, 132, 57, 23, 10, 4, 1]
8711884437, [1031, 301, 132, 57, 23, 10, 4, 1]
8725778522, [1032, 301, 132, 57, 23, 10, 4, 1]
8759599919, [1033, 301, 132, 57, 23, 10, 4, 1]
8772088052, [1034, 301, 132, 57, 23, 10, 4, 1]
8916023043, [1035, 301, 132, 57, 23, 10, 4, 1]
8764031201, [1036, 301, 132, 57, 23, 10, 4, 1]
8748917358, [1037, 301, 132, 57, 23, 10, 4, 1]
8715149211, [1038, 301, 132, 57, 23, 10, 4, 1]
8705390139, [1039, 301, 132, 57, 23, 10, 4, 1]
8697580028, [1040, 301, 132, 57, 23, 10, 4, 1]
8696916033, [1041, 301, 132, 57, 23, 10, 4, 1]
8696333713, [1042, 301, 132, 57, 23, 10, 4, 1]
8703961632, [1043, 301, 132, 57, 23, 10, 4, 1]
8710524712, [1044, 301, 132, 57, 23, 10, 4, 1]
8703173974, [1045, 301, 132, 57, 23, 10, 4, 1]
8700116092, [1046, 301, 132, 57, 23, 10, 4, 1]
8695170853, [1047, 301, 132, 57, 23, 10, 4, 1]
8695189489, [1048, 301, 132, 57, 23, 10, 4, 1]
8702356661, [1049, 301, 132, 57, 23, 10, 4, 1]
8708103858, [1050, 301, 132, 57, 23, 10, 4, 1]
8734937423, [1051, 301, 132, 57, 23, 10, 4, 1]
8753859235, [1052, 301, 132, 57, 23, 10, 4, 1]
8784665768, [1053, 301, 132, 57, 23, 10, 4, 1]
8778201880, [1054, 301, 132, 57, 23, 10, 4, 1]
8767442842, [1055, 301, 132, 57, 23, 10, 4, 1]
8738502962, [1056, 301, 132, 57, 23, 10, 4, 1]
8714788586, [1057, 301, 132, 57, 23, 10, 4, 1]
8702921995, [1058, 301, 132, 57, 23, 10, 4, 1]
8693660223, [1059, 301, 132, 57, 23, 10, 4, 1]
8695995147, [1060, 301, 132, 57, 23, 10, 4, 1]
8695501665, [1061, 301, 132, 57, 23, 10, 4, 1]
8700008861, [1062, 301, 132, 57, 23, 10, 4, 1]
8705655345, [1063, 301, 132, 57, 23, 10, 4, 1]
8708192548, [1064, 301, 132, 57, 23, 10, 4, 1]
8693988746, [1065, 301, 132, 57, 23, 10, 4, 1]
8694321527, [1066, 301, 132, 57, 23, 10, 4, 1]
8696385601, [1067, 301, 132, 57, 23, 10, 4, 1]
8697753137, [1068, 301, 132, 57, 23, 10, 4, 1]